2	4	5000	100	120	0	0	9000
2	2	10000	20	80	0	0	6301.31397042327
2	2	10000	40	60	0	0	6301.13994793632
2	4	5000	160	300	0	0	14670.4359373019
2	4	5000	200	250	0	0	14350.4335001977
2	8	2500	350	400	0	0	11975.2091403073
1	4	5000	600	0	0	0	19175.204912638
1	4	5000	500	0	0	0	15975.2063052825
1	4	5000	800	0	0	0	25575.2031718321
1	4	5000	700	0	0	0	22375.2039178918
1	8	2500	900	0	0	0	14387.6012957817
1	8	2500	1000	0	0	0	15987.6010636742
1	8	2500	1200	0	0	0	19187.6007155129
1	8	2500	1400	0	0	0	22387.6004668263
1	8	2500	1600	0	0	0	25587.6002803113
1	8	2500	1800	0	0	0	28787.6001352441
1	8	2500	2000	0	0	0	31987.6000191903
1	8	1250	2500	0	0	0	19993.7999051468
1	8	1250	2500	0	0	0	19993.7999051468
1	8	1250	3000	0	0	0	23993.7998355145
1	8	1250	3000	0	0	0	23993.7998355145
1	8	1250	3500	0	0	0	27993.7997857772
1	8	1250	3500	0	0	0	27993.7997857772
1	8	1250	4000	0	0	0	31993.7997484742
1	8	1250	4000	0	0	0	31993.7997484742
1	8	1250	4500	0	0	0	35993.7997194607
1	8	1250	4500	0	0	0	35993.7997194607
1	8	1250	5000	0	0	0	39993.79969625
1	8	1250	5000	0	0	0	39993.79969625
2 2 10000 1 59  0 0 15000.
2 2 10000 2 58  0 0 15000.
2 2 10000 3 57  0 0 15000.
2 2 10000 4 56  0 0 15000.
2 2 10000 5 55  0 0 15000.
2 2 10000 6 54  0 0 15000.
2 2 10000 7 53  0 0 15000.
2 2 10000 8 52  0 0 15000.
2 2 10000 9 51  0 0 15000.
2 2 10000 10 50 0 0 15000.
2 2 10000 11 49 0 0 15000.
2 2 10000 12 48 0 0 15000.
2 2 10000 13 47 0 0 15000.
2 2 10000 14 46 0 0 15000.
2 2 10000 15 45 0 0 15000.
2 2 10000 16 44 0 0 15000.
2 2 10000 17 43 0 0 15000.
2 2 10000 18 42 0 0 15000.
2 2 10000 19 41 0 0 15000.
2 2 10000 21 39 0 0 15000.
2 2 10000 22 38 0 0 15000.
2 2 10000 23 37 0 0 15000.
2 2 10000 24 36 0 0 15000.
2 2 10000 25 35 0 0 15000.
2 2 10000 26 34 0 0 15000.
2 2 10000 27 33 0 0 15000.
2 2 10000 28 32 0 0 15000.
2 2 10000 29 31 0 0 15000.
1 8 2500  30 0  0 0 15000.
1	8	1250	6000   0 0 0 55000.
1	8	1250	6000 	 0 0 0 55000.
1 8 1250  7000   0 0 0 65000.
1 8 1250  7000   0 0 0 65000.
1 8 625   8000   0 0 0 45000.
1 8 625   8000   0 0 0 45000.
1 8 625   8000   0 0 0 45000.
1 8 625   8000   0 0 0 45000.
1 8 625   9000   0 0 0 55000.
1 8 625   9000   0 0 0 55000.
1 8 625   9000   0 0 0 55000.
1 8 625   9000   0 0 0 55000.
1 8 625   10000  0 0 0 65000.
1 8 625   10000  0 0 0 65000.
1 8 625   10000  0 0 0 65000.
1 8 625   10000  0 0 0 65000.
