0
0.1
0.2
0.3
0.4
0.5
0.6
0.7
0.8
0.9
1
1.1
1.2
1.3
1.4
1.5
1.6
1.7
1.8
1.9
2
2.2
2.4
2.6
2.8
3
3.2
3.4
3.6
3.8
4
4.3
4.6
4.9
5.2
5.5
5.8
6.1
6.4
6.8
7.2
7.6
8
8.4
8.8
9.2
9.6
10
10.6
11.2
11.8
12.4
13
13.6
14.2
14.8
15.4
16
16.6
17.2
17.8
18.4
19
20
21
22
23
24
25
26
27
28
29
30
31
32
33
34
35
36
37
38
39
40
41.3
42.6
43.9
45.2
46.5
47.8
49.1
50.4
51.7
53
54.3
55.6
56.9
58.2
59.5
60.8
62.1
63.4
64.7
66
67.3
68.6
69.9
71.2
72.5
73.8
75.1
76.4
77.7
79
80.3
81.6
82.9
84.2
85.5
86.8
88.1
89.4
90.7
92
93.3
94.6
95.9
97.2
98.5
99.8
101.1
102.4
103.7
105
106.3
107.6
108.9
110.2
111.5
112.8
114.1
115.4
116.7
118
120
